0
1
0.811278124459133
0.811278124459133
0.896038232534557
0.896038232534557
0.857148437428371
0.857148437428372
0.88224379779762
0.88224379779762
0.864957903679611
0.864957903679611
0.878043872981326
0.878043872981325
0.867823903147624
0.867823903147623
0.876161983380675
0.876161983380675
0.869234355634909
0.869234355634909
0.875136031081967
0.875136031081968
0.870047961529019
0.870047961529019
0.874506123499678
0.874506123499678
0.870566734525287
0.870566734525287
0.87408724414712
0.87408724414712
0.87092118853092
0.870921188530919
0.873792260813354
0.873792260813354
0.871175947182191
0.871175947182191
0.873575360891449
0.873575360891449
0.871366276542409
0.871366276542409
0.87341040873637
0.87341040873637
0.871512883112151
0.871512883112151
0.873281524679607
0.873281524679607
0.871628640182735
0.871628640182735
0.873178564173557
0.873178564173557
0.871721927540477
0.871721927540477
0.873094775880866
0.873094775880866
0.871798409955608
0.871798409955608
0.873025511225289
0.873025511225289
0.871862039838094
0.871862039838094
0.872967476144261
0.872967476144261
0.871915649921424
0.871915649921423
0.872918278251134
0.872918278251134
0.871961317909272
0.871961317909272
0.872876142592701
0.872876142592701
0.872000598645505
0.872000598645505
0.872839727524403
0.872839727524403
0.872034676392452
0.872034676392452
0.872808002118261
0.872808002118261
0.872064467338956
0.872064467338956
0.872780162543336
0.872780162543336
0.872090690206549
0.872090690206549
0.872755573793471
0.872755573793471
0.872113915884724
0.872113915884723
0.872733728294005
0.872733728294005
0.872134602967364
0.872134602967364
0.872714215988112
0.872714215988112
0.872153123617305
0.872153123617305
0.872696702380411
0.872696702380411
0.872169782674036
0.872169782674036
