0
1
0.962255624891827
0.885284101378329
0.885284101378329
0.870812343171436
0.910470694892777
0.94756192395957
0.898233280228675
0.958259325053487
0.977842820004013
0.947799695064821
0.922674285692964
0.937248795741072
0.94834651278925
0.964478451711394
0.976976799201421
0.971467540925821
0.922691005177094
0.96393560735483
0.986789914685549
0.965639090403506
0.970201359234631
0.968149785503561
0.98214246781812
0.975063545412084
0.970238446796589
0.971109926517311
0.984323282505851
0.95639824761724
0.964513783082691
0.966209066301314
0.981321622084792
0.971374271279359
0.977039083661534
0.984920649375482
0.970420369767969
0.97579553608095
0.974848399902995
0.975832252692677
0.975130193276081
0.980728897504818
0.974257294651034
0.980851040872812
0.98377642298544
0.972016769139062
0.981537024579294
0.973505110192301
0.984344090686315
0.968880625206378
0.989876420518496
0.977366770586926
0.973893376585342
0.9841540234148
0.961011550916386
0.98681229048387
0.975721994367052
0.989183113696991
0.993056119442025
0.987030203631172
0.990171459576229
0.988293669622199
0.987902193525836
0.981877770790814
0.98859159922663
0.989681341100643
0.977965952168891
0.975938569266584
0.990197255554719
0.977420886899351
0.990248489342949
0.972336641100722
0.983050268056516
0.985946969284331
0.97840201947128
0.971216626611014
0.9928606341687
0.990985533979024
0.983796206731761
0.989082439130406
0.969434568581636
0.979650012936355
0.987471105256201
0.980628892574482
0.98943332330171
0.980406108929018
0.97207009967657
0.98083176589029
0.980439942105664
0.969380713789989
0.985095026658946
0.986246735781639
0.98331870265447
0.979818045617732
0.982310298251545
0.976394565493817
0.988050616242042
0.980928186016615
0.988110397375285
0.985887853079188
