0
1
0.88676687467548
0.929713638215229
0.973826823949032
0.939361414460349
0.985560286851687
0.978334241803245
0.938294475530147
0.940138065691076
0.987942565088346
0.955021514139159
0.975936962968024
0.978137020314323
0.982998011658124
0.974757529515649
0.983913728167825
0.970104549788264
0.98173721290148
0.973518599235021
0.965311860586539
0.975483381991007
0.976908756829281
0.978430750282076
0.983669114823548
0.989019043753376
0.993751876722308
0.992270019017465
0.991320227664252
0.989237986778027
0.992778963803929
0.991131701493552
0.994453830195745
0.988679081919814
0.992156477262024
0.990602921126696
0.989747354861669
0.982629058274561
0.993417393314832
0.990761053358221
0.98855178635984
0.988147464756988
0.987736773528705
0.988833377409734
0.992957393142225
0.994068502596865
0.996697838154058
0.993856462609999
0.990990157106742
0.988521499708857
0.994033909678587
0.989162203159523
0.992448151807624
0.993145233456023
0.993191414799484
0.990852152494793
0.993044859575058
0.994846237623913
0.986546090695663
0.988391715768222
0.990081633833172
0.996171345716886
0.99016881972142
0.996740750203135
0.993218077654449
0.992036471490376
0.988697092569289
0.99280271982957
0.983531288251564
0.994236766161459
0.988598386502587
0.994382736263899
0.995443578927453
0.990244956028446
0.98589139075221
0.989063819581959
0.99245858863793
0.995199041904608
0.991927667949149
0.995775781549862
0.991068405209417
0.986810793879554
0.98998844653869
0.992912859548198
0.989832941303184
0.993194984113171
0.993685476431059
0.992351313364725
0.989628386932134
0.995317521996812
0.994738165862666
0.990298278520732
0.990291429117627
0.992576257508076
0.988942852406215
0.998511758745374
0.994428861269183
0.991255231853142
0.996776388344259
0.981370399513664
