0
1
0.94338343733774
0.967458013323403
0.966704269578454
0.928867839488734
0.91804364646515
0.968798361685987
0.930627122730437
0.981674397990079
0.984764559661055
0.946337846195153
0.983222295716987
0.987408401676131
0.979002384083495
0.97110727265094
0.977796215702192
0.983461642373562
0.982159784731562
0.990165832797428
0.987794377853738
0.99447594519844
0.977019888218908
0.988283243400971
0.984129166138687
0.973892159871457
0.97776479548805
0.984133380811666
0.986802810841045
0.985909195842211
0.97624169629257
0.993698843527289
0.98353702485729
0.972924898513082
0.989926593235787
0.982517068757983
0.981211194633742
0.981380290167943
0.986682202176083
0.986279842250607
0.988702157931235
0.976735565752984
0.984606400863658
0.984452992376215
0.986998101436402
0.992604448572803
0.991754473764183
0.982129501077087
0.986629446901809
0.988911074593172
0.9868205499538
0.982910321332534
0.988293816739427
0.992432470665808
0.99559131703795
0.989795985121318
0.984044081265065
0.992394284570742
0.985124361316348
0.990051379349809
0.994816064196536
0.992182122514513
0.990956617657688
0.986379414879158
0.987463188034744
0.990435034562557
0.985743046500994
0.990197121114368
0.983888242936891
0.987872867025856
0.990027626382249
0.987599958745074
0.987984606289304
0.985306819695078
0.986115734807639
0.988886503290715
0.990402813344692
0.985202923210945
0.988282015645448
0.994322717971229
0.990062361335078
0.993156842765473
0.996106491420635
0.989895329927822
0.991150433482205
0.987368735086809
0.987622439871492
0.996136553144794
0.986379032729107
0.994479693758587
0.994781047134017
0.994135465278932
0.994977800868214
0.995261573195479
0.993311620152852
0.993491071685082
0.994758574352415
0.994603195910054
0.990747101281922
0.992884598609105
