0
1
0.905639062229566
0.920600438800222
0.92259968396126
0.956170069674402
0.993221448511426
0.989138738376058
0.9702290528845
0.964140600003507
0.971334066489922
0.980460566728412
0.955099895787821
0.97905255520319
0.967776185523648
0.975324709379243
0.963531270254161
0.942578748327828
0.95978687687318
0.981547590374985
0.97509169166107
0.944890599025112
0.976610899742169
0.988110627297039
0.981857697843548
0.988449507327273
0.982819996437322
0.973888367393241
0.979984503276435
0.953271919607776
0.971428746178667
0.993246710281218
0.955202323995615
0.948632737527872
0.976738479556328
0.97427350576122
0.971524396184271
0.961199449850333
0.986577289381334
0.978621766278142
0.972159544356866
0.996812733563209
0.977620268224342
0.980906791717928
0.989694367491043
0.976554745463717
0.976072552791851
0.976608709703037
0.963264317020944
0.992254372846731
0.987698343997801
0.990034884609264
0.985156464900052
0.986739594134924
0.983287825103763
0.978295111889842
0.974359438057042
0.993906492284197
0.989036431973818
0.988392836912946
0.97259277269686
0.993202798904393
0.98206957223903
0.975699684950615
0.992569744698232
0.985689872597984
0.991743497804713
0.992693930888584
0.997184825894653
0.980720642454306
0.994448448272266
0.989460221827451
0.982064347901768
0.989567660453807
0.990339293980315
0.981625553370404
0.99318083197687
0.986619355629894
0.994592847072772
0.989819654274782
0.987512222168416
0.982522679587656
0.977976156731357
0.988996593565658
0.991616475423146
0.988836241714862
0.987310449867171
0.985497765340201
0.992712483891443
0.97743490238007
0.984746798022492
0.986397779007793
0.981719514350236
0.989239766839487
0.98447453166529
0.994821798520798
0.986976240283293
0.994149817999484
0.994461725937289
0.983037944029691
