1 169 168 1.98816568047337 0.108461408567714 -8.94838325556284 56.6666666666667 0 -0.00598802395209446 168
2 210.333333333333 331.166666666667 2.95810198317628 0.240746656107952 -7.76532878556527 49.5260165618982 0.24929673573975 0.181921080199822 147.166666666667
4 280.777777777778 765 4.55334741814838 0.470396269167395 -6.61091677902254 44.9074416958307 0.379420815109467 0.308972942701374 134.333333333333
8 401.5 1952.91666666667 7.02733321252011 1.18666863199667 -5.57256240683702 41.7773772134917 0.45429053240723 0.412132154437762 125.416666666667
16 596.466666666667 4946.93333333333 10.5399150740837 2.50947073952805 -4.73511549829584 39.2836481462274 0.488885279813047 0.514531757009632 118.333333333333
32 903.111111111111 11378.0555555556 14.7336516053359 4.67619856944789 -4.02225079567262 37.0806167999996 0.4921758717344 0.573284155359399 112.166666666667
64 1306.90476190476 20589.619047619 18.429922110633 7.13828206086154 -3.4488791815405 34.7009296772649 0.472935025031013 0.627853524403073 105
128 1719.16666666667 29838.2083333333 21.2539088471579 9.25352846393018 -3.0072648747225 32.5250516979143 0.448115551998058 0.651750813408383 98.5
256 1999.59259259259 36573.3333333333 23.627153035144 10.8733055315062 -2.67228029947069 30.7680698872062 0.431995207581418 0.682227452563705 93.2592592592593
512 2235.2 42172.7 25.5136032799736 12.2306732836065 -2.40261483628856 29.434367246416 0.419897438768668 0.706332399480641 89.2333333333333
1024 2432.09090909091 46892.5454545455 27.0896143297359 13.4676834303545 -2.17399794752531 28.2651791748116 0.411065086116787 0.720004311625719 85.7575757575758
2048 2600.44444444444 50674.8611111111 28.2762653197536 14.3447829464446 -1.98377808581321 27.3387505768877 0.401477076377263 0.731829526793842 83.0833333333333
4096 2726.12820512821 53718.2051282051 29.3744067536712 15.0808696646664 -1.83178171343448 26.4942319780006 0.393967117771607 0.743541266745227 80.6410256410256
