1 169 168 1.98816568047337 0.108461408567714 -8.94838325556284 56.6666666666667 0 -0.00598802395209446 168
2 199 306.166666666667 2.93424762215743 0.291513882047372 -6.76808686225065 47.6491235129512 0.248315616075262 0.16910666544302 141.666666666667
4 241.222222222222 623.666666666667 4.53337907454291 0.511811110091426 -5.96758667497098 40.9839555252096 0.378662790295675 0.329623945256734 122.333333333333
8 332.833333333333 1575.25 7.04464208713775 1.2023892632418 -5.10105365539906 37.1983943212334 0.453566461735251 0.449741208006239 111.333333333333
16 476.866666666667 4084.73333333333 10.9943707924096 2.26841188766885 -4.46454223899797 34.2546625859538 0.493960885521979 0.528914574950018 102.866666666667
32 695.222222222222 9127.27777777778 15.5837064942497 4.11751165630298 -3.90631891128017 31.7832737027057 0.497643254350163 0.584316905523178 95.9444444444444
64 1032.42857142857 17676.7619047619 19.8258858257918 6.69532443836323 -3.39732506439806 29.6830851637754 0.479642464605649 0.62489872950272 90
128 1307.58333333333 24618.9166666667 23.0121628338384 9.19506084665449 -2.97553357544069 27.6249292234083 0.462563893196058 0.65904749316003 84
256 1531.59259259259 29774.5925925926 25.1998620905609 10.8646399903762 -2.63663980884642 26.0619167337511 0.445084967954908 0.676288037774479 79.2592592592593
512 1714.6 34662.1 27.3674477821897 12.1904476500317 -2.39759551673103 24.7802584523762 0.430840799559403 0.699573725686914 75.4666666666667
1024 1863.48484848485 38379.4242424242 28.991017525697 13.1492959289423 -2.19708175966041 23.7959056663881 0.419194193202006 0.719525428570518 72.6666666666667
2048 1984.38888888889 41635 30.4783749821035 14.1409752930462 -2.0244079334316 22.9031745309999 0.411552608555396 0.737843894892018 69.9722222222222
4096 2096.69230769231 44321.2051282051 31.5569762415692 14.9856468532941 -1.8726877224408 22.1838885596245 0.404073028406654 0.754493838249679 67.7435897435897
